273996.0000 -2267335.1655 5008648.3861 3222378.0974 0 17 1.4203
273997.0000 -2267335.1856 5008648.4210 3222378.1118 0 17 1.4204
273998.0000 -2267335.1978 5008648.4404 3222378.1121 0 17 1.4204
273999.0000 -2267335.2090 5008648.4585 3222378.1011 0 17 1.4205
274000.0000 -2267335.2179 5008648.4827 3222378.1030 0 17 1.4206
274001.0000 -2267335.2295 5008648.4996 3222378.0880 0 17 1.4206
274002.0000 -2267335.2505 5008648.5313 3222378.0776 0 17 1.4207
274003.0000 -2267335.3095 5008649.6771 3222377.8653 9 17 1.1254
274004.0000 -2267335.3201 5008649.6792 3222377.8542 9 17 1.1254
274005.0000 -2267335.3413 5008649.6823 3222377.8427 9 17 1.1254
274006.0000 -2267335.3419 5008649.7020 3222377.8252 9 17 1.1255
274007.0000 -2267335.3395 5008649.7016 3222377.8054 9 17 1.1255
274008.0000 -2267335.3437 5008649.7236 3222377.7889 9 17 1.1255
274009.0000 -2267335.3651 5008649.7467 3222377.7976 9 17 1.1256
274010.0000 -2267335.3931 5008649.7726 3222377.8039 9 17 1.1256
274011.0000 -2267335.4079 5008649.7808 3222377.8037 9 17 1.1256
274012.0000 -2267335.4334 5008649.7891 3222377.8180 9 17 1.1257
274013.0000 -2267335.4386 5008649.8025 3222377.8182 9 17 1.1257
274014.0000 -2267335.4438 5008649.8321 3222377.8205 9 17 1.1257
274015.0000 -2267335.4508 5008649.8492 3222377.8207 9 17 1.1258
274016.0000 -2267335.4498 5008649.8610 3222377.8086 9 17 1.1258
274017.0000 -2267335.4362 5008649.8491 3222377.7849 9 17 1.1258
274018.0000 -2267335.4432 5008649.8522 3222377.7799 9 17 1.1259
274019.0000 -2267335.4487 5008649.8794 3222377.8043 9 17 1.1259
274020.0000 -2267335.4720 5008649.9156 3222377.8223 9 17 1.1259
274021.0000 -2267335.4838 5008649.9255 3222377.8290 9 17 1.1260
274022.0000 -2267335.4780 5008649.9283 3222377.8216 9 17 1.1260
274023.0000 -2267335.4626 5008649.9029 3222377.7799 9 17 1.1260
274024.0000 -2267335.4503 5008649.9020 3222377.7689 9 17 1.1261
274025.0000 -2267335.4564 5008649.8898 3222377.7633 9 17 1.1261
274026.0000 -2267335.4481 5008649.8821 3222377.7582 9 17 1.1261
274027.0000 -2267335.4581 5008649.8986 3222377.7722 9 17 1.1262
274028.0000 -2267335.4634 5008649.9066 3222377.7712 9 17 1.1262
274029.0000 -2267335.4732 5008649.9103 3222377.7828 9 17 1.1262
274030.0000 -2267335.4862 5008649.9244 3222377.7877 9 17 1.1263
274031.0000 -2267335.4935 5008649.9393 3222377.8039 9 17 1.1263
274032.0000 -2267335.5116 5008649.9588 3222377.8237 9 17 1.1263
274033.0000 -2267335.5145 5008649.9483 3222377.8176 9 17 1.1264
274034.0000 -2267335.5265 5008649.9553 3222377.8187 9 17 1.1264
274035.0000 -2267335.5397 5008649.9705 3222377.8326 9 17 1.1264
274036.0000 -2267335.5395 5008649.9637 3222377.8329 9 17 1.1264
274037.0000 -2267335.5458 5008649.9865 3222377.8496 9 17 1.1265
274038.0000 -2267335.5591 5008649.9963 3222377.8469 9 17 1.1265
274039.0000 -2267335.5608 5008649.9968 3222377.8452 9 17 1.1265
274040.0000 -2267335.5753 5008650.0141 3222377.8624 9 17 1.1266
274041.0000 -2267335.5742 5008650.0160 3222377.8553 9 17 1.1266
274042.0000 -2267335.5616 5008650.0143 3222377.8386 9 17 1.1266
274043.0000 -2267335.5564 5008650.0148 3222377.8310 9 17 1.1267
274044.0000 -2267335.5576 5008650.0163 3222377.8349 9 17 1.1267
274045.0000 -2267335.5529 5008650.0179 3222377.8294 9 17 1.1267
274046.0000 -2267335.5743 5008650.0448 3222377.8502 9 17 1.1268
274047.0000 -2267335.5728 5008650.0212 3222377.8277 9 17 1.1268
274048.0000 -2267335.5950 5008650.0256 3222377.8417 9 17 1.1268
274049.0000 -2267335.5956 5008649.9791 3222377.8091 9 17 1.1269
274050.0000 -2267335.6076 5008649.9748 3222377.8184 9 17 1.1269
274051.0000 -2267335.6084 5008649.9728 3222377.8267 9 17 1.1269
274052.0000 -2267335.6129 5008649.9657 3222377.8245 9 17 1.1270
274053.0000 -2267335.6393 5008649.9818 3222377.8680 9 17 1.1270
274054.0000 -2267335.6557 5008649.9701 3222377.8692 9 17 1.1270
274055.0000 -2267335.6566 5008649.9577 3222377.8645 9 17 1.1271
274056.0000 -2267335.6475 5008649.9423 3222377.8543 9 17 1.1271
274057.0000 -2267335.6629 5008649.9463 3222377.8685 9 17 1.1271
274058.0000 -2267335.6661 5008649.9554 3222377.8812 9 17 1.1272
274059.0000 -2267335.6786 5008649.9507 3222377.8812 9 17 1.1272
274060.0000 -2267335.6937 5008649.9566 3222377.8940 9 17 1.1272
274061.0000 -2267335.6909 5008649.9400 3222377.8824 9 17 1.1273
274062.0000 -2267335.6932 5008649.9085 3222377.8706 9 17 1.1273
274063.0000 -2267335.6749 5008649.8731 3222377.8436 9 17 1.1273
274064.0000 -2267335.6904 5008649.8709 3222377.8508 9 17 1.1274
274065.0000 -2267335.6835 5008649.8758 3222377.8551 9 17 1.1274
274066.0000 -2267335.6745 5008649.8588 3222377.8381 9 17 1.1274
274067.0000 -2267335.6647 5008649.8360 3222377.8215 9 17 1.1275
274068.0000 -2267335.6493 5008649.7924 3222377.7814 9 17 1.1275
274069.0000 -2267335.6342 5008649.7688 3222377.7590 9 17 1.1275
274070.0000 -2267335.6455 5008649.7722 3222377.7660 9 17 1.1276
274071.0000 -2267335.6318 5008649.7525 3222377.7423 9 17 1.1276
274072.0000 -2267335.6374 5008649.7605 3222377.7354 9 17 1.1276
274073.0000 -2267335.6412 5008649.7532 3222377.7237 9 17 1.1277
274074.0000 -2267335.6378 5008649.7482 3222377.7208 9 17 1.1277
274075.0000 -2267335.6540 5008649.7532 3222377.7261 9 17 1.1277
274076.0000 -2267335.6622 5008649.7562 3222377.7263 9 17 1.1278
274077.0000 -2267335.6691 5008649.7509 3222377.7297 9 17 1.1278
274078.0000 -2267335.7045 5008649.7922 3222377.7756 9 17 1.1278
274079.0000 -2267335.7075 5008649.7799 3222377.7860 9 17 1.1278
274080.0000 -2267335.7024 5008649.7593 3222377.7698 9 17 1.1279
274081.0000 -2267335.7173 5008649.7582 3222377.7720 9 17 1.1279
274082.0000 -2267335.7286 5008649.7347 3222377.7800 9 17 1.1279
274083.0000 -2267335.7189 5008649.7157 3222377.7653 9 17 1.1280
274084.0000 -2267335.7248 5008649.7107 3222377.7637 9 17 1.1280
274085.0000 -2267335.7301 5008649.7002 3222377.7665 9 17 1.1280
274086.0000 -2267335.7248 5008649.6866 3222377.7580 9 17 1.1281
274087.0000 -2267335.7405 5008649.6911 3222377.7694 9 17 1.1281
274088.0000 -2267335.7352 5008649.6995 3222377.7604 9 17 1.1281
274089.0000 -2267335.7212 5008649.6645 3222377.7269 9 17 1.1282
274090.0000 -2267335.7168 5008649.6259 3222377.7092 9 17 1.1282
274091.0000 -2267335.7147 5008649.6254 3222377.7037 9 17 1.1282
274092.0000 -2267335.7085 5008649.6029 3222377.6837 9 17 1.1283
274093.0000 -2267335.7202 5008649.5802 3222377.6809 9 17 1.1283
274094.0000 -2267335.7326 5008649.5712 3222377.6738 9 17 1.1283
274095.0000 -2267335.7319 5008649.5638 3222377.6673 9 17 1.1284
274096.0000 -2267335.7469 5008649.5668 3222377.6721 9 17 1.1284
274097.0000 -2267335.7564 5008649.5816 3222377.6872 9 17 1.1284
274098.0000 -2267335.7733 5008649.5855 3222377.7028 9 17 1.1285
274099.0000 -2267335.7920 5008649.5908 3222377.7099 9 17 1.1285
274100.0000 -2267335.7858 5008649.5573 3222377.6930 9 17 1.1285
274101.0000 -2267335.7783 5008649.5272 3222377.6872 9 17 1.1286
274102.0000 -2267335.7806 5008649.5201 3222377.6869 9 17 1.1286
274103.0000 -2267335.7740 5008649.4992 3222377.6761 9 17 1.1286
274104.0000 -2267335.7832 5008649.5029 3222377.6916 9 17 1.1287
274105.0000 -2267335.7834 5008649.4731 3222377.6993 9 17 1.1287
274106.0000 -2267335.7966 5008649.4673 3222377.7046 9 17 1.1287
274107.0000 -2267335.7867 5008649.4529 3222377.6995 9 17 1.1288
274108.0000 -2267335.7743 5008649.4507 3222377.7002 9 17 1.1288
274109.0000 -2267335.7673 5008649.3963 3222377.6897 9 17 1.1288
274110.0000 -2267335.7656 5008649.3865 3222377.6980 9 17 1.1289
274111.0000 -2267335.7629 5008649.3454 3222377.6784 9 17 1.1289
274112.0000 -2267335.7710 5008649.3354 3222377.6892 9 17 1.1289
274113.0000 -2267335.7596 5008649.3250 3222377.6944 9 17 1.1290
274114.0000 -2267335.7256 5008649.3218 3222377.6856 9 17 1.1290
274115.0000 -2267335.7289 5008649.3413 3222377.7109 9 17 1.1290
274116.0000 -2267335.7322 5008649.3390 3222377.7320 9 17 1.1290
274117.0000 -2267335.7370 5008649.3542 3222377.7678 9 17 1.1291
274118.0000 -2267335.7484 5008649.3595 3222377.7951 9 17 1.1291
274119.0000 -2267335.7648 5008649.3680 3222377.8142 9 17 1.1291
274120.0000 -2267335.7588 5008649.3452 3222377.8184 9 17 1.1292
274121.0000 -2267335.7497 5008649.3348 3222377.8092 9 17 1.1292
274122.0000 -2267335.7607 5008649.3428 3222377.8243 9 17 1.1292
274123.0000 -2267335.7609 5008649.3112 3222377.8061 9 17 1.1293
274124.0000 -2267335.7692 5008649.3249 3222377.8285 9 17 1.1293
274125.0000 -2267335.7642 5008649.3077 3222377.8170 9 17 1.1293
274126.0000 -2267335.7667 5008649.2983 3222377.8190 9 17 1.1294
274127.0000 -2267335.7687 5008649.2903 3222377.8160 9 17 1.1294
274128.0000 -2267335.7709 5008649.3022 3222377.8213 9 17 1.1294
274129.0000 -2267335.7628 5008649.3199 3222377.8258 9 17 1.1295
274130.0000 -2267335.7602 5008649.3173 3222377.8151 9 17 1.1295
274131.0000 -2267335.7669 5008649.3157 3222377.8171 9 17 1.1295
274132.0000 -2267335.7602 5008649.2930 3222377.7909 9 17 1.1296
274133.0000 -2267335.7653 5008649.2529 3222377.7682 9 17 1.1296
274134.0000 -2267335.7569 5008649.2294 3222377.7643 9 17 1.1296
274135.0000 -2267335.7359 5008649.1862 3222377.7355 9 17 1.1297
274136.0000 -2267335.7315 5008649.1652 3222377.7117 9 17 1.1297
274137.0000 -2267335.7288 5008649.1435 3222377.6864 9 17 1.1297
274138.0000 -2267335.7139 5008649.1341 3222377.6812 9 17 1.1298
274139.0000 -2267335.6899 5008649.1096 3222377.6504 9 17 1.1298
274140.0000 -2267335.6716 5008649.0913 3222377.6493 9 17 1.1298
274141.0000 -2267335.6464 5008649.0355 3222377.6099 9 17 1.1299
274142.0000 -2267335.6401 5008649.0175 3222377.6043 9 17 1.1299
274143.0000 -2267335.6389 5008649.0145 3222377.6116 9 17 1.1299
274144.0000 -2267335.6187 5008649.0031 3222377.6092 9 17 1.1300
274145.0000 -2267335.6032 5008649.0032 3222377.6085 9 17 1.1300
274146.0000 -2267335.5887 5008649.0016 3222377.6028 9 17 1.1300
274147.0000 -2267335.5849 5008648.9933 3222377.5884 9 17 1.1301
274148.0000 -2267335.5776 5008648.9961 3222377.5985 9 17 1.1301
274149.0000 -2267335.5711 5008649.0061 3222377.6083 9 17 1.1301
274150.0000 -2267335.5697 5008649.0149 3222377.6069 9 17 1.1301
274151.0000 -2267335.5718 5008649.0294 3222377.6219 9 17 1.1302
274152.0000 -2267335.5580 5008649.0060 3222377.6010 9 17 1.1302
274153.0000 -2267335.5481 5008648.9985 3222377.6021 9 17 1.1302
274154.0000 -2267335.5432 5008648.9915 3222377.5990 9 17 1.1303
274155.0000 -2267335.5356 5008648.9937 3222377.5896 9 17 1.1303
274156.0000 -2267335.5374 5008648.9875 3222377.5909 9 17 1.1303
274157.0000 -2267335.5403 5008649.0009 3222377.5913 9 17 1.1304
274158.0000 -2267335.5411 5008649.0025 3222377.5909 9 17 1.1304
274159.0000 -2267335.5356 5008648.9951 3222377.5809 9 17 1.1304
274160.0000 -2267335.5379 5008648.9989 3222377.5799 9 17 1.1305
274161.0000 -2267335.5398 5008648.9991 3222377.5975 9 17 1.1305
274162.0000 -2267335.5325 5008648.9945 3222377.5967 9 17 1.1305
274163.0000 -2267335.5278 5008648.9783 3222377.5974 9 17 1.1306
274164.0000 -2267335.5128 5008648.9468 3222377.5919 9 17 1.1306
274165.0000 -2267335.4910 5008648.9162 3222377.5695 9 17 1.1306
274166.0000 -2267335.4762 5008648.9073 3222377.5701 9 17 1.1307
274167.0000 -2267335.4741 5008648.9045 3222377.5830 9 17 1.1307
274168.0000 -2267335.4705 5008648.8962 3222377.5935 9 17 1.1307
274169.0000 -2267335.4736 5008648.9098 3222377.6161 9 17 1.1308
274170.0000 -2267335.4723 5008648.9128 3222377.6170 9 17 1.1308
274171.0000 -2267335.4836 5008648.9361 3222377.6372 9 17 1.1308
274172.0000 -2267335.4877 5008648.9487 3222377.6497 9 17 1.1309
274173.0000 -2267335.4756 5008648.9441 3222377.6497 9 17 1.1309
274174.0000 -2267335.4834 5008648.9395 3222377.6487 9 17 1.1309
274175.0000 -2267335.4770 5008648.9442 3222377.6488 9 17 1.1310
274176.0000 -2267335.4705 5008648.9470 3222377.6445 9 17 1.1310
274177.0000 -2267335.4612 5008648.9455 3222377.6317 9 17 1.1310
274178.0000 -2267335.4771 5008648.9494 3222377.6284 9 17 1.1311
274179.0000 -2267335.4864 5008648.9471 3222377.6140 9 17 1.1311
274180.0000 -2267335.4788 5008648.9436 3222377.6009 9 17 1.1311
274181.0000 -2267335.4623 5008648.9347 3222377.5953 9 17 1.1311
274182.0000 -2267335.4607 5008648.9330 3222377.5882 9 17 1.1312
274183.0000 -2267335.4682 5008648.9489 3222377.5883 9 17 1.1312
274184.0000 -2267335.4648 5008648.9601 3222377.6002 9 17 1.1312
274185.0000 -2267335.4579 5008648.9617 3222377.5958 9 17 1.1313
274186.0000 -2267335.4467 5008648.9577 3222377.5748 9 17 1.1313
274187.0000 -2267335.4368 5008648.9390 3222377.5545 9 17 1.1313
274188.0000 -2267335.4320 5008648.9524 3222377.5609 9 17 1.1314
274189.0000 -2267335.4227 5008648.9434 3222377.5516 9 17 1.1314
274190.0000 -2267335.4264 5008648.9445 3222377.5500 9 17 1.1314
274191.0000 -2267335.4262 5008648.9685 3222377.5629 9 17 1.1315
274192.0000 -2267335.4114 5008648.9647 3222377.5569 9 17 1.1315
274193.0000 -2267335.4003 5008648.9755 3222377.5656 9 17 1.1315
274194.0000 -2267335.3980 5008648.9565 3222377.5526 9 17 1.1316
274195.0000 -2267335.3903 5008648.9739 3222377.5645 9 17 1.1316
274196.0000 -2267335.3846 5008648.9690 3222377.5478 9 17 1.1316
274197.0000 -2267335.3692 5008648.9553 3222377.5281 9 17 1.1317
274198.0000 -2267335.3552 5008648.9605 3222377.5280 9 17 1.1317
274199.0000 -2267335.3547 5008648.9565 3222377.5227 9 17 1.1317
274200.0000 -2267335.3303 5008648.9329 3222377.4954 9 17 1.1318
274201.0000 -2267335.3227 5008648.9379 3222377.4917 9 17 1.1318
274202.0000 -2267335.3117 5008648.9407 3222377.4885 9 17 1.1318
274203.0000 -2267335.3109 5008648.9591 3222377.4887 9 17 1.1319
274204.0000 -2267335.2962 5008648.9439 3222377.4733 9 17 1.1319
274205.0000 -2267335.2852 5008648.9361 3222377.4665 9 17 1.1319
274206.0000 -2267335.2747 5008648.9412 3222377.4544 9 17 1.1320
274207.0000 -2267335.2727 5008648.9359 3222377.4413 9 17 1.1320
274208.0000 -2267335.2730 5008648.9609 3222377.4551 9 17 1.1320
274209.0000 -2267335.2562 5008648.9569 3222377.4397 9 17 1.1321
274210.0000 -2267335.2502 5008648.9506 3222377.4190 9 17 1.1321
274211.0000 -2267335.2523 5008648.9640 3222377.4257 9 17 1.1321
274212.0000 -2267335.2510 5008648.9732 3222377.4179 9 17 1.1321
274213.0000 -2267335.2405 5008648.9525 3222377.3930 9 17 1.1322
274214.0000 -2267335.2195 5008648.9058 3222377.3502 9 17 1.1322
274215.0000 -2267335.2222 5008648.9187 3222377.3554 9 17 1.1322
274216.0000 -2267335.2343 5008648.9542 3222377.3716 9 17 1.1323
274217.0000 -2267335.2386 5008648.9524 3222377.3657 9 17 1.1323
274218.0000 -2267335.2322 5008648.9638 3222377.3598 9 17 1.1323
274219.0000 -2267335.2358 5008649.0042 3222377.3736 9 17 1.1324
274220.0000 -2267335.2312 5008649.0170 3222377.3646 9 17 1.1324
274221.0000 -2267335.2370 5008649.0205 3222377.3656 9 17 1.1324
274222.0000 -2267335.2369 5008649.0336 3222377.3567 9 17 1.1325
274223.0000 -2267335.2510 5008649.0448 3222377.3568 9 17 1.1325
274224.0000 -2267335.2510 5008649.0473 3222377.3553 9 17 1.1325
274225.0000 -2267335.2577 5008649.0483 3222377.3613 9 17 1.1326
274226.0000 -2267335.2681 5008649.0527 3222377.3723 9 17 1.1326
274227.0000 -2267335.2637 5008649.0634 3222377.3781 9 17 1.1326
274228.0000 -2267335.2635 5008649.0725 3222377.3742 9 17 1.1327
274229.0000 -2267335.2566 5008649.0841 3222377.3776 9 17 1.1327
274230.0000 -2267335.2541 5008649.0675 3222377.3631 9 17 1.1327
274231.0000 -2267335.2508 5008649.0898 3222377.3708 9 17 1.1328
274232.0000 -2267335.2549 5008649.0916 3222377.3724 9 17 1.1328
274233.0000 -2267335.2532 5008649.0673 3222377.3525 9 17 1.1328
274234.0000 -2267335.2450 5008649.0463 3222377.3259 9 17 1.1329
274235.0000 -2267335.2386 5008649.0429 3222377.3070 9 17 1.1329
274236.0000 -2267335.2462 5008649.0316 3222377.2902 9 17 1.1329
274237.0000 -2267335.2416 5008649.0329 3222377.2816 9 17 1.1330
274238.0000 -2267335.2362 5008649.0266 3222377.2846 9 17 1.1330
274239.0000 -2267335.2240 5008649.0186 3222377.2740 9 17 1.1330
274240.0000 -2267335.2189 5008649.0185 3222377.2690 9 17 1.1330
274241.0000 -2267335.2080 5008649.0209 3222377.2666 9 17 1.1331
274242.0000 -2267335.2045 5008649.0299 3222377.2586 9 17 1.1331
274243.0000 -2267335.1967 5008649.0535 3222377.2541 9 17 1.1331
274244.0000 -2267335.1816 5008649.0827 3222377.2561 9 17 1.1332
274245.0000 -2267335.1749 5008649.0993 3222377.2711 9 17 1.1332
274246.0000 -2267335.1690 5008649.1039 3222377.2703 9 17 1.1332
274247.0000 -2267335.1603 5008649.1258 3222377.2815 9 17 1.1333
274248.0000 -2267335.1519 5008649.1403 3222377.2728 9 17 1.1333
274249.0000 -2267335.1601 5008649.1629 3222377.2887 9 17 1.1333
274250.0000 -2267335.1399 5008649.1598 3222377.2762 9 17 1.1334
274251.0000 -2267335.1361 5008649.1678 3222377.2771 9 17 1.1334
274252.0000 -2267335.1178 5008649.1771 3222377.2762 9 17 1.1334
274253.0000 -2267335.1161 5008649.2031 3222377.2846 9 17 1.1335
274254.0000 -2267335.1224 5008649.2206 3222377.3054 9 17 1.1335
274255.0000 -2267335.1338 5008649.2454 3222377.3221 9 17 1.1335
274256.0000 -2267335.1401 5008649.2826 3222377.3440 9 17 1.1336
274257.0000 -2267335.1481 5008649.3098 3222377.3628 9 17 1.1336
274258.0000 -2267335.1710 5008649.3412 3222377.3974 9 17 1.1336
274259.0000 -2267335.1891 5008649.3602 3222377.4168 9 17 1.1337
274260.0000 -2267335.2054 5008649.3970 3222377.4289 9 17 1.1337
274261.0000 -2267335.2134 5008649.3968 3222377.4332 9 17 1.1337
274262.0000 -2267335.2296 5008649.4172 3222377.4418 9 17 1.1338
274263.0000 -2267335.2486 5008649.4362 3222377.4459 9 17 1.1338
274264.0000 -2267335.2729 5008649.4402 3222377.4387 9 17 1.1338
274265.0000 -2267335.2862 5008649.4559 3222377.4526 9 17 1.1338
274266.0000 -2267335.2942 5008649.4669 3222377.4653 9 17 1.1339
274267.0000 -2267335.3060 5008649.4961 3222377.4778 9 17 1.1339
274268.0000 -2267335.2992 5008649.5170 3222377.4840 9 17 1.1339
274269.0000 -2267335.3154 5008649.5497 3222377.5161 9 17 1.1340
274270.0000 -2267335.3345 5008649.5800 3222377.5302 9 17 1.1340
274271.0000 -2267335.3314 5008649.5813 3222377.5437 9 17 1.1340
274272.0000 -2267335.3399 5008649.5965 3222377.5496 9 17 1.1341
274273.0000 -2267335.3440 5008649.5941 3222377.5517 9 17 1.1341
274274.0000 -2267335.3396 5008649.5882 3222377.5370 9 17 1.1341
274275.0000 -2267335.3621 5008649.6253 3222377.5641 9 17 1.1342
274276.0000 -2267335.3820 5008649.6499 3222377.5856 9 17 1.1342
274277.0000 -2267335.3966 5008649.6446 3222377.5956 9 17 1.1342
274278.0000 -2267335.4052 5008649.6378 3222377.5927 9 17 1.1343
274279.0000 -2267335.4108 5008649.6374 3222377.5988 9 17 1.1343
274280.0000 -2267335.4102 5008649.6541 3222377.6056 9 17 1.1343
274281.0000 -2267335.4017 5008649.6668 3222377.5997 9 17 1.1344
274282.0000 -2267335.3991 5008649.6657 3222377.5955 9 17 1.1344
274283.0000 -2267335.4064 5008649.6654 3222377.5919 9 17 1.1344
274284.0000 -2267335.4226 5008649.6652 3222377.5913 9 17 1.1345
274285.0000 -2267335.4349 5008649.6949 3222377.6058 9 17 1.1345
274286.0000 -2267335.4410 5008649.6898 3222377.5908 9 17 1.1345
274287.0000 -2267335.4611 5008649.7076 3222377.6003 9 17 1.1346
274288.0000 -2267335.4610 5008649.7133 3222377.5968 9 17 1.1346
274289.0000 -2267335.4680 5008649.7118 3222377.5972 9 17 1.1346
274290.0000 -2267335.4581 5008649.7053 3222377.5762 9 17 1.1346
274291.0000 -2267335.4639 5008649.7006 3222377.5581 9 17 1.1347
274292.0000 -2267335.4578 5008649.6908 3222377.5448 9 17 1.1347
274293.0000 -2267335.4583 5008649.6732 3222377.5307 9 17 1.1347
274294.0000 -2267335.4472 5008649.6593 3222377.5208 9 17 1.1348
274295.0000 -2267335.4504 5008649.6561 3222377.5106 9 17 1.1348
274296.0000 -2267335.4447 5008649.6440 3222377.4896 9 17 1.1348
274297.0000 -2267335.4475 5008649.6407 3222377.4803 9 17 1.1349
274298.0000 -2267335.4469 5008649.6234 3222377.4660 9 17 1.1349
274299.0000 -2267335.4596 5008649.6204 3222377.4662 9 17 1.1349
274300.0000 -2267335.4640 5008649.6062 3222377.4502 9 17 1.1350
274301.0000 -2267335.4819 5008649.6251 3222377.4539 9 17 1.1350
274302.0000 -2267335.4877 5008649.6128 3222377.4400 9 17 1.1350
274303.0000 -2267335.5020 5008649.6353 3222377.4459 9 17 1.1351
274304.0000 -2267335.5020 5008649.6363 3222377.4329 9 17 1.1351
274305.0000 -2267335.5112 5008649.6583 3222377.4309 9 17 1.1351
274306.0000 -2267335.5170 5008649.6961 3222377.4435 9 17 1.1352
274307.0000 -2267335.5338 5008649.7180 3222377.4595 9 17 1.1352
274308.0000 -2267335.5310 5008649.7186 3222377.4546 9 17 1.1352
274309.0000 -2267335.5358 5008649.7108 3222377.4439 9 17 1.1353
274310.0000 -2267335.5446 5008649.7216 3222377.4360 9 17 1.1353
274311.0000 -2267335.5289 5008649.7103 3222377.4076 9 17 1.1353
274312.0000 -2267335.5198 5008649.6884 3222377.3762 9 17 1.1354
274313.0000 -2267335.5092 5008649.7005 3222377.3659 9 17 1.1354
274314.0000 -2267335.5172 5008649.7061 3222377.3614 9 17 1.1354
274315.0000 -2267335.5170 5008649.7276 3222377.3608 9 17 1.1354
274316.0000 -2267335.5238 5008649.7482 3222377.3596 9 17 1.1355
274317.0000 -2267335.5042 5008649.7459 3222377.3534 9 17 1.1355
274318.0000 -2267335.5110 5008649.7570 3222377.3585 9 17 1.1355
274319.0000 -2267335.5229 5008649.7573 3222377.3510 9 17 1.1356
274320.0000 -2267335.5386 5008649.7511 3222377.3521 9 17 1.1356
274321.0000 -2267335.5385 5008649.7462 3222377.3484 9 17 1.1356
274322.0000 -2267335.5299 5008649.7529 3222377.3396 9 17 1.1357
274323.0000 -2267335.5144 5008649.7351 3222377.3257 9 17 1.1357
274324.0000 -2267335.5106 5008649.7301 3222377.3213 9 17 1.1357
274325.0000 -2267335.5014 5008649.7208 3222377.3069 9 17 1.1358
274326.0000 -2267335.5034 5008649.7460 3222377.3158 9 17 1.1358
274327.0000 -2267335.4998 5008649.7253 3222377.3105 9 17 1.1358
274328.0000 -2267335.5008 5008649.7271 3222377.3193 9 17 1.1359
274329.0000 -2267335.4838 5008649.7145 3222377.3223 9 17 1.1359
274330.0000 -2267335.4935 5008649.7103 3222377.3369 9 17 1.1359
274331.0000 -2267335.4791 5008649.6841 3222377.3328 9 17 1.1360
274332.0000 -2267335.4532 5008649.6592 3222377.3177 9 17 1.1360
274333.0000 -2267335.4480 5008649.6319 3222377.3056 9 17 1.1360
274334.0000 -2267335.4470 5008649.6332 3222377.3225 9 17 1.1361
274335.0000 -2267335.4458 5008649.6343 3222377.3349 9 17 1.1361
274336.0000 -2267335.4497 5008649.6397 3222377.3455 9 17 1.1361
274337.0000 -2267335.4392 5008649.6043 3222377.3279 9 17 1.1361
274338.0000 -2267335.4319 5008649.6027 3222377.3237 9 17 1.1362
274339.0000 -2267335.4284 5008649.5873 3222377.3175 9 17 1.1362
274340.0000 -2267335.4332 5008649.5838 3222377.3135 9 17 1.1362
274341.0000 -2267335.4373 5008649.5781 3222377.3062 9 17 1.1363
274342.0000 -2267335.4396 5008649.5545 3222377.2976 9 17 1.1363
274343.0000 -2267335.4259 5008649.5581 3222377.2826 9 17 1.1363
274344.0000 -2267335.4016 5008649.5305 3222377.2347 9 17 1.1364
274345.0000 -2267335.3841 5008649.5012 3222377.1979 9 17 1.1364
274346.0000 -2267335.3896 5008649.4890 3222377.1792 9 17 1.1364
274347.0000 -2267335.3807 5008649.4862 3222377.1708 9 17 1.1365
274348.0000 -2267335.3893 5008649.4993 3222377.1635 9 17 1.1365
274349.0000 -2267335.3909 5008649.5262 3222377.1652 9 17 1.1365
274350.0000 -2267335.4002 5008649.5571 3222377.1764 9 17 1.1366
274351.0000 -2267335.4026 5008649.5831 3222377.1789 9 17 1.1366
274352.0000 -2267335.3992 5008649.5950 3222377.1738 9 17 1.1366
274353.0000 -2267335.3880 5008649.5794 3222377.1656 9 17 1.1367
274354.0000 -2267335.3991 5008649.5954 3222377.1703 9 17 1.1367
274355.0000 -2267335.4007 5008649.6051 3222377.1649 9 17 1.1367
274356.0000 -2267335.3956 5008649.6119 3222377.1699 9 17 1.1368
274357.0000 -2267335.3727 5008649.5876 3222377.1389 9 17 1.1368
274358.0000 -2267335.3668 5008649.5912 3222377.1295 9 17 1.1368
274359.0000 -2267335.3517 5008649.5705 3222377.1074 9 17 1.1368
274360.0000 -2267335.3446 5008649.5571 3222377.0852 9 17 1.1369
274361.0000 -2267335.3302 5008649.5324 3222377.0631 9 17 1.1369
274362.0000 -2267335.3146 5008649.5220 3222377.0558 9 17 1.1369
274363.0000 -2267335.3089 5008649.5221 3222377.0584 9 17 1.1370
274364.0000 -2267335.3135 5008649.5314 3222377.0692 9 17 1.1370
274365.0000 -2267335.3137 5008649.5332 3222377.0735 9 17 1.1370
274366.0000 -2267335.3206 5008649.5373 3222377.0879 9 17 1.1371
274367.0000 -2267335.3248 5008649.5391 3222377.0961 9 17 1.1371
274368.0000 -2267335.3326 5008649.5562 3222377.1128 9 17 1.1371
274369.0000 -2267335.3289 5008649.5549 3222377.1076 9 17 1.1372
274370.0000 -2267335.3290 5008649.5685 3222377.1131 9 17 1.1372
274371.0000 -2267335.3206 5008649.5789 3222377.1127 9 17 1.1372
274372.0000 -2267335.3114 5008649.5792 3222377.1187 9 17 1.1373
274373.0000 -2267335.2983 5008649.5658 3222377.1100 9 17 1.1373
274374.0000 -2267335.2808 5008649.5580 3222377.0967 9 17 1.1373
274375.0000 -2267335.2658 5008649.5478 3222377.0872 9 17 1.1374
274376.0000 -2267335.2563 5008649.5304 3222377.0702 9 17 1.1374
274377.0000 -2267335.2578 5008649.5358 3222377.0747 9 17 1.1374
274378.0000 -2267335.2501 5008649.5331 3222377.0705 9 17 1.1375
274379.0000 -2267335.2398 5008649.5275 3222377.0620 9 17 1.1375
274380.0000 -2267335.2408 5008649.5209 3222377.0658 9 17 1.1375
274381.0000 -2267335.2528 5008649.5295 3222377.0814 9 17 1.1375
274382.0000 -2267335.2459 5008649.5171 3222377.0729 9 17 1.1376
274383.0000 -2267335.2573 5008649.5354 3222377.0936 9 17 1.1376
274384.0000 -2267335.2642 5008649.5455 3222377.1045 9 17 1.1376
274385.0000 -2267335.2563 5008649.5188 3222377.0964 9 17 1.1377
274386.0000 -2267335.2549 5008649.5103 3222377.0942 9 17 1.1377
274387.0000 -2267335.2549 5008649.4978 3222377.0998 9 17 1.1377
274388.0000 -2267335.2549 5008649.4865 3222377.1048 9 17 1.1378
274389.0000 -2267335.2476 5008649.4544 3222377.0964 9 17 1.1378
274390.0000 -2267335.2478 5008649.4475 3222377.0947 9 17 1.1378
274391.0000 -2267335.2460 5008649.4285 3222377.0916 9 17 1.1379
274392.0000 -2267335.2527 5008649.4106 3222377.0935 9 17 1.1379
274393.0000 -2267335.2700 5008649.4125 3222377.1094 9 17 1.1379
274394.0000 -2267335.2699 5008649.3917 3222377.0914 9 17 1.1380
274395.0000 -2267335.2814 5008649.3838 3222377.0981 9 17 1.1380
274396.0000 -2267335.2974 5008649.3695 3222377.1100 9 17 1.1380
274397.0000 -2267335.3251 5008649.3759 3222377.1219 9 17 1.1381
274398.0000 -2267335.3322 5008649.3735 3222377.1119 9 17 1.1381
274399.0000 -2267335.3350 5008649.3456 3222377.0950 9 17 1.1381
274400.0000 -2267335.3475 5008649.3436 3222377.0910 9 17 1.1381
274401.0000 -2267335.3412 5008649.3472 3222377.0908 9 17 1.1382
274402.0000 -2267335.3483 5008649.3621 3222377.0906 9 17 1.1382
274403.0000 -2267335.3542 5008649.3762 3222377.0945 9 17 1.1382
274404.0000 -2267335.3629 5008649.3894 3222377.1100 9 17 1.1383
274405.0000 -2267335.3594 5008649.3711 3222377.0910 9 17 1.1383
274406.0000 -2267335.3591 5008649.3579 3222377.0774 9 17 1.1383
274407.0000 -2267335.3513 5008649.3247 3222377.0479 9 17 1.1384
274408.0000 -2267335.3536 5008649.3135 3222377.0517 9 17 1.1384
274409.0000 -2267335.3503 5008649.2838 3222377.0333 9 17 1.1384
274410.0000 -2267335.3351 5008649.2472 3222377.0111 9 17 1.1385
274411.0000 -2267335.3515 5008649.2412 3222377.0175 9 17 1.1385
274412.0000 -2267335.3664 5008649.2358 3222377.0284 9 17 1.1385
274413.0000 -2267335.3495 5008649.2046 3222377.0061 9 17 1.1386
274414.0000 -2267335.3458 5008649.1832 3222376.9820 9 17 1.1386
274415.0000 -2267335.3470 5008649.1709 3222376.9761 9 17 1.1386
274416.0000 -2267335.3479 5008649.1250 3222376.9597 9 17 1.1387
274417.0000 -2267335.3568 5008649.1069 3222376.9646 9 17 1.1387
274418.0000 -2267335.3422 5008649.0621 3222376.9457 9 17 1.1387
274419.0000 -2267335.3492 5008649.0430 3222376.9628 9 17 1.1387
274420.0000 -2267335.3595 5008649.0185 3222376.9742 9 17 1.1388
274421.0000 -2267335.3682 5008648.9857 3222376.9682 9 17 1.1388
274422.0000 -2267335.3590 5008648.9714 3222376.9646 9 17 1.1388
274423.0000 -2267335.3583 5008648.9571 3222376.9673 9 17 1.1389
274424.0000 -2267335.3661 5008648.9580 3222376.9757 9 17 1.1389
274425.0000 -2267335.3550 5008648.9565 3222376.9761 9 17 1.1389
274426.0000 -2267335.3600 5008648.9852 3222377.0010 9 17 1.1390
274427.0000 -2267335.3504 5008648.9593 3222376.9869 9 17 1.1390
274428.0000 -2267335.3451 5008648.9684 3222376.9960 9 17 1.1390
274429.0000 -2267335.3452 5008649.0163 3222377.0255 9 17 1.1391
274430.0000 -2267335.3400 5008649.0353 3222377.0429 9 17 1.1391
274431.0000 -2267335.3431 5008649.0629 3222377.0632 9 17 1.1391
274432.0000 -2267335.3385 5008649.1040 3222377.0828 9 17 1.1392
274433.0000 -2267335.3417 5008649.1183 3222377.1021 9 17 1.1392
274434.0000 -2267335.3352 5008649.1326 3222377.1030 9 17 1.1392
274435.0000 -2267335.3208 5008649.1455 3222377.0985 9 17 1.1393
274436.0000 -2267335.3276 5008649.1579 3222377.1018 9 17 1.1393
274437.0000 -2267335.3355 5008649.1588 3222377.0984 9 17 1.1393
274438.0000 -2267335.3330 5008649.1270 3222377.0881 9 17 1.1393
274439.0000 -2267335.3222 5008649.1183 3222377.0972 9 17 1.1394
274440.0000 -2267335.3281 5008649.0792 3222377.0858 9 17 1.1394
274441.0000 -2267335.3323 5008649.0788 3222377.0824 9 17 1.1394
274442.0000 -2267335.3262 5008649.0605 3222377.0679 9 17 1.1395
274443.0000 -2267335.3202 5008649.0336 3222377.0549 9 17 1.1395
274444.0000 -2267335.3164 5008649.0232 3222377.0481 9 17 1.1395
274445.0000 -2267335.3100 5008649.0148 3222377.0485 9 17 1.1396
274446.0000 -2267335.3261 5008649.0051 3222377.0527 9 17 1.1396
274447.0000 -2267335.3411 5008648.9968 3222377.0635 9 17 1.1396
274448.0000 -2267335.3500 5008648.9846 3222377.0621 9 17 1.1397
274449.0000 -2267335.3474 5008648.9411 3222377.0453 9 17 1.1397
274450.0000 -2267335.3525 5008648.8960 3222377.0271 9 17 1.1397
274451.0000 -2267335.3461 5008648.8982 3222377.0197 9 17 1.1398
274452.0000 -2267335.3400 5008648.8719 3222376.9968 9 17 1.1398
274453.0000 -2267335.3549 5008648.8548 3222376.9934 9 17 1.1398
274454.0000 -2267335.3586 5008648.8293 3222376.9864 9 17 1.1398
274455.0000 -2267335.3774 5008648.8488 3222376.9958 9 17 1.1399
274456.0000 -2267335.3784 5008648.8994 3222377.0145 9 17 1.1399
274457.0000 -2267335.3799 5008648.8721 3222377.0035 9 17 1.1399
274458.0000 -2267335.3812 5008648.8710 3222377.0063 9 17 1.1400
274459.0000 -2267335.3757 5008648.8477 3222377.0007 9 17 1.1400
274460.0000 -2267335.3702 5008648.8485 3222377.0051 9 17 1.1400
274461.0000 -2267335.3728 5008648.8533 3222377.0156 9 17 1.1401
274462.0000 -2267335.3863 5008648.8503 3222377.0243 9 17 1.1401
274463.0000 -2267335.3809 5008648.8568 3222377.0252 9 17 1.1401
274464.0000 -2267335.3899 5008648.8666 3222377.0430 9 17 1.1402
274465.0000 -2267335.4015 5008648.8723 3222377.0377 9 17 1.1402
274466.0000 -2267335.3913 5008648.8549 3222377.0170 9 17 1.1402
274467.0000 -2267335.3788 5008648.8415 3222377.0143 9 17 1.1403
274468.0000 -2267335.3760 5008648.8394 3222377.0093 9 17 1.1403
274469.0000 -2267335.3721 5008648.8241 3222377.0070 9 17 1.1403
274470.0000 -2267335.3639 5008648.8083 3222377.0066 9 17 1.1403
274471.0000 -2267335.3715 5008648.7852 3222376.9970 9 17 1.1404
274472.0000 -2267335.3804 5008648.7836 3222377.0034 9 17 1.1404
274473.0000 -2267335.3793 5008648.7789 3222377.0084 9 17 1.1404
274474.0000 -2267335.3773 5008648.7869 3222377.0150 9 17 1.1405
274475.0000 -2267335.3726 5008648.7758 3222377.0081 9 17 1.1405
274476.0000 -2267335.3488 5008648.7355 3222376.9766 9 17 1.1405
274477.0000 -2267335.3260 5008648.7165 3222376.9744 9 17 1.1406
274478.0000 -2267335.3045 5008648.7021 3222376.9615 9 17 1.1406
274479.0000 -2267335.2809 5008648.6902 3222376.9614 9 17 1.1406
274480.0000 -2267335.2709 5008648.6751 3222376.9560 9 17 1.1407
274481.0000 -2267335.2698 5008648.6698 3222376.9604 9 17 1.1407
274482.0000 -2267335.2657 5008648.6675 3222376.9600 9 17 1.1407
274483.0000 -2267335.2474 5008648.6606 3222376.9495 9 17 1.1408
274484.0000 -2267335.2276 5008648.6590 3222376.9427 9 17 1.1408
274485.0000 -2267335.2141 5008648.6622 3222376.9544 9 17 1.1408
274486.0000 -2267335.2084 5008648.6520 3222376.9449 9 17 1.1409
274487.0000 -2267335.2046 5008648.6594 3222376.9583 9 17 1.1409
274488.0000 -2267335.1991 5008648.6675 3222376.9631 9 17 1.1409
274489.0000 -2267335.1806 5008648.6563 3222376.9546 9 17 1.1409
274490.0000 -2267335.1771 5008648.6595 3222376.9620 9 17 1.1410
274491.0000 -2267335.1723 5008648.6604 3222376.9643 9 17 1.1410
274492.0000 -2267335.1617 5008648.6452 3222376.9539 9 17 1.1410
274493.0000 -2267335.1559 5008648.6741 3222376.9661 9 17 1.1411
274494.0000 -2267335.1702 5008648.6696 3222376.9743 9 17 1.1411
274495.0000 -2267335.1724 5008648.6881 3222376.9919 9 17 1.1411
274496.0000 -2267335.1772 5008648.6995 3222376.9907 9 17 1.1412
274497.0000 -2267335.1805 5008648.6964 3222376.9935 9 17 1.1412
274498.0000 -2267335.1879 5008648.7094 3222376.9918 9 17 1.1412
274499.0000 -2267335.2084 5008648.7372 3222377.0106 9 17 1.1413
274500.0000 -2267335.2209 5008648.7617 3222377.0290 9 17 1.1413
274501.0000 -2267335.2231 5008648.7761 3222377.0356 9 17 1.1413
274502.0000 -2267335.2220 5008648.7859 3222377.0266 9 17 1.1414
274503.0000 -2267335.2226 5008648.8057 3222377.0255 9 17 1.1414
274504.0000 -2267335.2247 5008648.7891 3222377.0202 9 17 1.1414
274505.0000 -2267335.2319 5008648.8006 3222377.0368 9 17 1.1414
274506.0000 -2267335.2341 5008648.8167 3222377.0526 9 17 1.1415
274507.0000 -2267335.2462 5008648.8262 3222377.0704 9 17 1.1415
274508.0000 -2267335.2448 5008648.8298 3222377.0770 9 17 1.1415
274509.0000 -2267335.2523 5008648.8433 3222377.0889 9 17 1.1416
274510.0000 -2267335.2673 5008648.8358 3222377.0913 9 17 1.1416
274511.0000 -2267335.2534 5008648.8142 3222377.0843 9 17 1.1416
274512.0000 -2267335.2538 5008648.7988 3222377.0771 9 17 1.1417
274513.0000 -2267335.2476 5008648.7721 3222377.0471 9 17 1.1417
274514.0000 -2267335.2524 5008648.7671 3222377.0464 9 17 1.1417
274515.0000 -2267335.2521 5008648.7591 3222377.0347 9 17 1.1418
274516.0000 -2267335.2415 5008648.7425 3222377.0186 9 17 1.1418
274517.0000 -2267335.2472 5008648.7600 3222377.0247 9 17 1.1418
274518.0000 -2267335.2515 5008648.7592 3222377.0283 9 17 1.1418
274519.0000 -2267335.2520 5008648.7671 3222377.0304 9 17 1.1419
274520.0000 -2267335.2559 5008648.7666 3222377.0368 9 17 1.1419
274521.0000 -2267335.2581 5008648.7649 3222377.0315 9 17 1.1419
274522.0000 -2267335.2588 5008648.7596 3222377.0273 9 17 1.1420
274523.0000 -2267335.2480 5008648.7576 3222377.0328 9 17 1.1420
274524.0000 -2267335.2463 5008648.7544 3222377.0291 9 17 1.1420
274525.0000 -2267335.2328 5008648.7211 3222377.0176 9 17 1.1421
274526.0000 -2267335.2314 5008648.6927 3222376.9981 9 17 1.1421
274527.0000 -2267335.2444 5008648.6866 3222377.0100 9 17 1.1421
274528.0000 -2267335.2342 5008648.6543 3222376.9958 9 17 1.1422
274529.0000 -2267335.2214 5008648.6512 3222376.9865 9 17 1.1422
274530.0000 -2267335.2083 5008648.6304 3222376.9676 9 17 1.1422
274531.0000 -2267335.2085 5008648.6261 3222376.9682 9 17 1.1423
274532.0000 -2267335.2009 5008648.6124 3222376.9660 9 17 1.1423
274533.0000 -2267335.2020 5008648.6054 3222376.9603 9 17 1.1423
274534.0000 -2267335.1981 5008648.5991 3222376.9457 9 17 1.1423
274535.0000 -2267335.2077 5008648.6110 3222376.9519 9 17 1.1424
274536.0000 -2267335.1995 5008648.6223 3222376.9519 9 17 1.1424
274537.0000 -2267335.2025 5008648.6296 3222376.9619 9 17 1.1424
274538.0000 -2267335.2072 5008648.6437 3222376.9656 9 17 1.1425
274539.0000 -2267335.2155 5008648.6694 3222376.9854 9 17 1.1425
274540.0000 -2267335.2147 5008648.6646 3222376.9737 9 17 1.1425
274541.0000 -2267335.2321 5008648.6825 3222376.9817 9 17 1.1426
274542.0000 -2267335.2349 5008648.7072 3222376.9996 9 17 1.1426
274543.0000 -2267335.2209 5008648.7148 3222377.0091 9 17 1.1426
274544.0000 -2267335.2166 5008648.7201 3222376.9971 9 17 1.1427
274545.0000 -2267335.2259 5008648.7272 3222377.0074 9 17 1.1427
274546.0000 -2267335.2237 5008648.7266 3222377.0091 9 17 1.1427
274547.0000 -2267335.2138 5008648.7443 3222377.0168 9 17 1.1428
274548.0000 -2267335.2080 5008648.7583 3222377.0174 9 17 1.1428
274549.0000 -2267335.2052 5008648.7860 3222377.0401 9 17 1.1428
274550.0000 -2267335.1983 5008648.8103 3222377.0435 9 17 1.1428
274551.0000 -2267335.1741 5008648.8265 3222377.0301 9 17 1.1429
274552.0000 -2267335.1590 5008648.8398 3222377.0368 9 17 1.1429
274553.0000 -2267335.1576 5008648.8318 3222377.0254 9 17 1.1429
274554.0000 -2267335.1661 5008648.8430 3222377.0395 9 17 1.1430
274555.0000 -2267335.1641 5008648.8280 3222377.0432 9 17 1.1430
274556.0000 -2267335.1633 5008648.8312 3222377.0515 9 17 1.1430
274557.0000 -2267335.1659 5008648.8300 3222377.0671 9 17 1.1431
274558.0000 -2267335.1771 5008648.8299 3222377.0787 9 17 1.1431
274559.0000 -2267335.1820 5008648.8411 3222377.0842 9 17 1.1431
274560.0000 -2267335.1794 5008648.8262 3222377.0830 9 17 1.1432
274561.0000 -2267335.1777 5008648.8046 3222377.0652 9 17 1.1432
274562.0000 -2267335.1759 5008648.8159 3222377.0811 9 17 1.1432
274563.0000 -2267335.1733 5008648.8213 3222377.0933 9 17 1.1432
274564.0000 -2267335.1800 5008648.8111 3222377.0844 9 17 1.1433
274565.0000 -2267335.1927 5008648.8660 3222377.1155 9 17 1.1433
274566.0000 -2267335.2184 5008648.8560 3222377.1125 9 17 1.1433
274567.0000 -2267335.2347 5008648.8786 3222377.1218 9 17 1.1434
274568.0000 -2267335.2445 5008648.8910 3222377.1231 9 17 1.1434
274569.0000 -2267335.2497 5008648.8847 3222377.1138 9 17 1.1434
274570.0000 -2267335.2516 5008648.8669 3222377.1025 9 17 1.1435
274571.0000 -2267335.2515 5008648.8705 3222377.0985 9 17 1.1435
274572.0000 -2267335.2531 5008648.8880 3222377.0998 9 17 1.1435
274573.0000 -2267335.2460 5008648.9102 3222377.0957 9 17 1.1436
274574.0000 -2267335.2474 5008648.9188 3222377.0958 9 17 1.1436
274575.0000 -2267335.2504 5008648.9278 3222377.0945 9 17 1.1436
274576.0000 -2267335.2543 5008648.9107 3222377.0727 9 17 1.1436
274577.0000 -2267335.2410 5008648.8746 3222377.0441 9 17 1.1437
274578.0000 -2267335.2391 5008648.8491 3222377.0198 9 17 1.1437
274579.0000 -2267335.2404 5008648.8242 3222377.0069 9 17 1.1437
274580.0000 -2267335.2375 5008648.7854 3222376.9796 9 17 1.1438
274581.0000 -2267335.2475 5008648.7638 3222376.9658 9 17 1.1438
274582.0000 -2267335.2530 5008648.7522 3222376.9507 9 17 1.1438
274583.0000 -2267335.2709 5008648.7777 3222376.9570 9 17 1.1439
274584.0000 -2267335.2739 5008648.7989 3222376.9536 9 17 1.1439
274585.0000 -2267335.2774 5008648.7959 3222376.9307 9 17 1.1439
274586.0000 -2267335.2781 5008648.7889 3222376.9216 9 17 1.1440
274587.0000 -2267335.2861 5008648.7921 3222376.9186 9 17 1.1440
274588.0000 -2267335.2959 5008648.8018 3222376.9255 9 17 1.1440
274589.0000 -2267335.2914 5008648.8109 3222376.9261 9 17 1.1441
274590.0000 -2267335.2861 5008648.8065 3222376.9284 9 17 1.1441
274591.0000 -2267335.2829 5008648.8227 3222376.9259 9 17 1.1441
274592.0000 -2267335.2768 5008648.8226 3222376.9120 9 17 1.1441
274593.0000 -2267335.2840 5008648.8299 3222376.9119 9 17 1.1442
274594.0000 -2267335.2926 5008648.8315 3222376.9222 9 17 1.1442
274595.0000 -2267335.2935 5008648.8402 3222376.9262 9 17 1.1442
274596.0000 -2267335.2928 5008648.8502 3222376.9262 9 17 1.1443
274597.0000 -2267335.2924 5008648.8741 3222376.9360 9 17 1.1443
274598.0000 -2267335.2943 5008648.8849 3222376.9299 9 17 1.1443
274599.0000 -2267335.3016 5008648.8972 3222376.9273 9 17 1.1444
274600.0000 -2267335.3018 5008648.9037 3222376.9313 9 17 1.1444
274601.0000 -2267335.3122 5008648.9103 3222376.9350 9 17 1.1444
274602.0000 -2267335.3183 5008648.9247 3222376.9465 9 17 1.1445
274603.0000 -2267335.3337 5008648.9758 3222376.9777 9 17 1.1445
274604.0000 -2267335.3418 5008648.9938 3222376.9912 9 17 1.1445
274605.0000 -2267335.3669 5008649.0297 3222377.0210 9 17 1.1445
274606.0000 -2267335.3793 5008649.0670 3222377.0272 9 17 1.1446
274607.0000 -2267335.3796 5008649.0785 3222377.0257 9 17 1.1446
274608.0000 -2267335.3936 5008649.1067 3222377.0337 9 17 1.1446
274609.0000 -2267335.4000 5008649.1298 3222377.0541 9 17 1.1447
274610.0000 -2267335.4023 5008649.1398 3222377.0517 9 17 1.1447
274611.0000 -2267335.4024 5008649.1366 3222377.0580 9 17 1.1447
274612.0000 -2267335.4036 5008649.1230 3222377.0439 9 17 1.1448
274613.0000 -2267335.4030 5008649.1257 3222377.0396 9 17 1.1448
274614.0000 -2267335.4009 5008649.1284 3222377.0286 9 17 1.1448
274615.0000 -2267335.4024 5008649.1415 3222377.0244 9 17 1.1449
274616.0000 -2267335.3958 5008649.1350 3222377.0071 9 17 1.1449
274617.0000 -2267335.4177 5008649.1676 3222377.0290 9 17 1.1449
274618.0000 -2267335.4205 5008649.1792 3222377.0257 9 17 1.1449
274619.0000 -2267335.4109 5008649.1567 3222377.0226 9 17 1.1450
274620.0000 -2267335.3956 5008649.1263 3222376.9902 9 17 1.1450
274621.0000 -2267335.3917 5008649.1119 3222376.9748 9 17 1.1450
274622.0000 -2267335.3923 5008649.0996 3222376.9644 9 17 1.1451
274623.0000 -2267335.3861 5008649.0852 3222376.9502 9 17 1.1451
274624.0000 -2267335.3759 5008649.0867 3222376.9383 9 17 1.1451
274625.0000 -2267335.3853 5008649.0942 3222376.9411 9 17 1.1452
274626.0000 -2267335.3967 5008649.1279 3222376.9547 9 17 1.1452
274627.0000 -2267335.4071 5008649.1483 3222376.9481 9 17 1.1452
274628.0000 -2267335.4079 5008649.1563 3222376.9348 9 17 1.1453
274629.0000 -2267335.4185 5008649.1616 3222376.9161 9 17 1.1453
274630.0000 -2267335.4114 5008649.1596 3222376.8941 9 17 1.1453
274631.0000 -2267335.4132 5008649.1489 3222376.8614 9 17 1.1453
274632.0000 -2267335.4131 5008649.1502 3222376.8363 9 17 1.1454
274633.0000 -2267335.4185 5008649.1612 3222376.8323 9 17 1.1454
274634.0000 -2267335.4197 5008649.1520 3222376.8117 9 17 1.1454
274635.0000 -2267335.4304 5008649.1698 3222376.7991 9 17 1.1455
274636.0000 -2267335.4334 5008649.1670 3222376.7926 9 17 1.1455
274637.0000 -2267335.4339 5008649.1754 3222376.7948 9 17 1.1455
274638.0000 -2267335.4369 5008649.1593 3222376.7745 9 17 1.1456
274639.0000 -2267335.4525 5008649.1653 3222376.7696 9 17 1.1456
274640.0000 -2267335.4589 5008649.1735 3222376.7606 9 17 1.1456
274641.0000 -2267335.4682 5008649.2037 3222376.7667 9 17 1.1456
274642.0000 -2267335.4673 5008649.2144 3222376.7568 9 17 1.1457
274643.0000 -2267335.4653 5008649.2157 3222376.7483 9 17 1.1457
274644.0000 -2267335.4665 5008649.2240 3222376.7411 9 17 1.1457
274645.0000 -2267335.4830 5008649.2628 3222376.7410 9 17 1.1458
274646.0000 -2267335.4799 5008649.2806 3222376.7367 9 17 1.1458
274647.0000 -2267335.4924 5008649.3091 3222376.7468 9 17 1.1458
274648.0000 -2267335.4940 5008649.3264 3222376.7450 9 17 1.1459
274649.0000 -2267335.5045 5008649.3630 3222376.7580 9 17 1.1459
274650.0000 -2267335.5174 5008649.4124 3222376.7856 9 17 1.1459
274651.0000 -2267335.5364 5008649.4271 3222376.7962 9 17 1.1460
274652.0000 -2267335.5440 5008649.4466 3222376.7960 9 17 1.1460
274653.0000 -2267335.5699 5008649.4931 3222376.8089 9 17 1.1460
274654.0000 -2267335.5834 5008649.5351 3222376.8252 9 17 1.1460
274655.0000 -2267335.5825 5008649.5550 3222376.8263 9 17 1.1461
274656.0000 -2267335.5929 5008649.5881 3222376.8424 9 17 1.1461
274657.0000 -2267335.5888 5008649.5962 3222376.8500 9 17 1.1461
274658.0000 -2267335.5997 5008649.6340 3222376.8797 9 17 1.1462
274659.0000 -2267335.6131 5008649.6586 3222376.8978 9 17 1.1462
274660.0000 -2267335.6154 5008649.6737 3222376.9083 9 17 1.1462
274661.0000 -2267335.6214 5008649.6796 3222376.9135 9 17 1.1463
274662.0000 -2267335.6117 5008649.6982 3222376.9207 9 17 1.1463
274663.0000 -2267335.6081 5008649.7231 3222376.9284 9 17 1.1463
274664.0000 -2267335.6167 5008649.7431 3222376.9314 9 17 1.1464
274665.0000 -2267335.6409 5008649.7798 3222376.9619 9 17 1.1464
274666.0000 -2267335.6656 5008649.8213 3222376.9799 9 17 1.1464
274667.0000 -2267335.6767 5008649.8598 3222377.0002 9 17 1.1464
274668.0000 -2267335.6836 5008649.8873 3222377.0123 9 17 1.1465
274669.0000 -2267335.6932 5008649.9040 3222377.0279 9 17 1.1465
274670.0000 -2267335.7029 5008649.9289 3222377.0377 9 17 1.1465
274671.0000 -2267335.7070 5008649.9446 3222377.0428 9 17 1.1466
274672.0000 -2267335.7156 5008649.9667 3222377.0561 9 17 1.1466
274673.0000 -2267335.7317 5008650.0149 3222377.0965 9 17 1.1466
274674.0000 -2267335.7419 5008650.0203 3222377.1024 9 17 1.1467
274675.0000 -2267335.7309 5008650.0512 3222377.1135 9 17 1.1467
274676.0000 -2267335.7316 5008650.0875 3222377.1457 9 17 1.1467
274677.0000 -2267335.7189 5008650.0875 3222377.1559 9 17 1.1467
274678.0000 -2267335.7025 5008650.0776 3222377.1541 9 17 1.1468
274679.0000 -2267335.6850 5008650.0624 3222377.1533 9 17 1.1468
274680.0000 -2267335.6691 5008650.0612 3222377.1592 9 17 1.1468
274681.0000 -2267335.6678 5008650.0738 3222377.1840 9 17 1.1469
274682.0000 -2267335.6703 5008650.1026 3222377.2220 9 17 1.1469
274683.0000 -2267335.6794 5008650.1194 3222377.2476 9 17 1.1469
274684.0000 -2267335.6894 5008650.1254 3222377.2687 9 17 1.1470
274685.0000 -2267335.6910 5008650.1176 3222377.2822 9 17 1.1470
274686.0000 -2267335.6897 5008650.1113 3222377.2904 9 17 1.1470
274687.0000 -2267335.6891 5008650.0923 3222377.3077 9 17 1.1471
274688.0000 -2267335.6960 5008650.1034 3222377.3313 9 17 1.1471
274689.0000 -2267335.6852 5008650.0889 3222377.3390 9 17 1.1471
274690.0000 -2267335.6771 5008650.0814 3222377.3554 9 17 1.1471
274691.0000 -2267335.6739 5008650.0956 3222377.3636 9 17 1.1472
274692.0000 -2267335.6703 5008650.1086 3222377.3770 9 17 1.1472
274693.0000 -2267335.6701 5008650.0785 3222377.3749 9 17 1.1472
274694.0000 -2267335.6590 5008650.0755 3222377.3791 9 17 1.1473
274695.0000 -2267335.6637 5008650.0897 3222377.3982 9 17 1.1473
274696.0000 -2267335.6810 5008650.1122 3222377.4155 9 17 1.1473
274697.0000 -2267335.6835 5008650.1307 3222377.4258 9 17 1.1474
274698.0000 -2267335.6801 5008650.1496 3222377.4429 9 17 1.1474
274699.0000 -2267335.6833 5008650.1683 3222377.4740 9 17 1.1474
274700.0000 -2267335.6904 5008650.1769 3222377.4781 9 17 1.1474
274701.0000 -2267335.6858 5008650.1815 3222377.4792 9 17 1.1475
274702.0000 -2267335.6846 5008650.2015 3222377.4926 9 17 1.1475
274703.0000 -2267335.6778 5008650.2132 3222377.5132 9 17 1.1475
274704.0000 -2267335.6878 5008650.2150 3222377.5230 9 17 1.1476
274705.0000 -2267335.6882 5008650.2254 3222377.5272 9 17 1.1476
274706.0000 -2267335.6967 5008650.2492 3222377.5573 9 17 1.1476
274707.0000 -2267335.6969 5008650.2427 3222377.5687 9 17 1.1477
274708.0000 -2267335.6936 5008650.2305 3222377.5835 9 17 1.1477
274709.0000 -2267335.6920 5008650.2055 3222377.5806 9 17 1.1477
274710.0000 -2267335.6848 5008650.1907 3222377.5850 9 17 1.1477
274711.0000 -2267335.6726 5008650.1624 3222377.5727 9 17 1.1478
274712.0000 -2267335.6739 5008650.1527 3222377.5859 9 17 1.1478
274713.0000 -2267335.6695 5008650.1503 3222377.6051 9 17 1.1478
274714.0000 -2267335.6581 5008650.1212 3222377.6002 9 17 1.1479
274715.0000 -2267335.6363 5008650.0862 3222377.5923 9 17 1.1479
274716.0000 -2267335.6320 5008650.0725 3222377.5935 9 17 1.1479
274717.0000 -2267335.6239 5008650.0545 3222377.6044 9 17 1.1480
274718.0000 -2267335.6167 5008650.0396 3222377.6068 9 17 1.1480
274719.0000 -2267335.6146 5008650.0379 3222377.5986 9 17 1.1480
274720.0000 -2267335.6252 5008650.0520 3222377.6007 9 17 1.1481
274721.0000 -2267335.6210 5008650.0721 3222377.6156 9 17 1.1481
274722.0000 -2267335.6127 5008650.0586 3222377.6146 9 17 1.1481
274723.0000 -2267335.6080 5008650.0599 3222377.6140 9 17 1.1481
274724.0000 -2267335.6224 5008650.0667 3222377.6162 9 17 1.1482
274725.0000 -2267335.6163 5008650.0596 3222377.6199 9 17 1.1482
274726.0000 -2267335.6187 5008650.0570 3222377.6288 9 17 1.1482
274727.0000 -2267335.6265 5008650.0823 3222377.6499 9 17 1.1483
274728.0000 -2267335.6182 5008650.0740 3222377.6450 9 17 1.1483
274729.0000 -2267335.6077 5008650.0913 3222377.6622 9 17 1.1483
274730.0000 -2267335.6118 5008650.1214 3222377.6867 9 17 1.1484
274731.0000 -2267335.5956 5008650.1168 3222377.6875 9 17 1.1484
274732.0000 -2267335.5840 5008650.1280 3222377.6873 9 17 1.1484
274733.0000 -2267335.5739 5008650.1283 3222377.7059 9 17 1.1484
274734.0000 -2267335.5616 5008650.1120 3222377.6974 9 17 1.1485
274735.0000 -2267335.5523 5008650.0799 3222377.6856 9 17 1.1485
274736.0000 -2267335.5435 5008650.0486 3222377.6794 9 17 1.1485
274737.0000 -2267335.5370 5008650.0302 3222377.6900 9 17 1.1486
274738.0000 -2267335.5332 5008650.0120 3222377.7060 9 17 1.1486
274739.0000 -2267335.5160 5008649.9577 3222377.6896 9 17 1.1486
274740.0000 -2267335.5114 5008649.9213 3222377.6773 9 17 1.1487
274741.0000 -2267335.5077 5008649.9004 3222377.6761 9 17 1.1487
274742.0000 -2267335.5009 5008649.8922 3222377.6746 9 17 1.1487
274743.0000 -2267335.5054 5008649.8729 3222377.6742 9 17 1.1487
274744.0000 -2267335.5081 5008649.8330 3222377.6705 9 17 1.1488
274745.0000 -2267335.5008 5008649.7990 3222377.6714 9 17 1.1488
274746.0000 -2267335.5048 5008649.7749 3222377.6624 9 17 1.1488
274747.0000 -2267335.5128 5008649.7750 3222377.6708 9 17 1.1489
274748.0000 -2267335.5098 5008649.7933 3222377.6883 9 17 1.1489
274749.0000 -2267335.5074 5008649.8136 3222377.7061 9 17 1.1489
274750.0000 -2267335.5018 5008649.8205 3222377.7204 9 17 1.1490
274751.0000 -2267335.4924 5008649.8191 3222377.7329 9 17 1.1490
274752.0000 -2267335.4900 5008649.7999 3222377.7356 9 17 1.1490
274753.0000 -2267335.4915 5008649.7942 3222377.7458 9 17 1.1490
274754.0000 -2267335.4810 5008649.7900 3222377.7464 9 17 1.1491
274755.0000 -2267335.4691 5008649.7860 3222377.7556 9 17 1.1491
274756.0000 -2267335.4623 5008649.7665 3222377.7594 9 17 1.1491
274757.0000 -2267335.4469 5008649.7419 3222377.7551 9 17 1.1492
274758.0000 -2267335.4390 5008649.7557 3222377.7833 9 17 1.1492
274759.0000 -2267335.4479 5008649.7528 3222377.7934 9 17 1.1492
274760.0000 -2267335.4462 5008649.7460 3222377.7943 9 17 1.1493
274761.0000 -2267335.4280 5008649.7227 3222377.7907 9 17 1.1493
274762.0000 -2267335.4191 5008649.6975 3222377.7937 9 17 1.1493
274763.0000 -2267335.4109 5008649.6739 3222377.7940 9 17 1.1493
274764.0000 -2267335.4085 5008649.6526 3222377.7964 9 17 1.1494
274765.0000 -2267335.3947 5008649.6188 3222377.7925 9 17 1.1494
274766.0000 -2267335.3949 5008649.5992 3222377.8003 9 17 1.1494
274767.0000 -2267335.3860 5008649.5573 3222377.7877 9 17 1.1495
274768.0000 -2267335.3712 5008649.5106 3222377.7750 9 17 1.1495
274769.0000 -2267335.3633 5008649.4736 3222377.7665 9 17 1.1495
274770.0000 -2267335.3630 5008649.4788 3222377.7923 9 17 1.1496
274771.0000 -2267335.3633 5008649.4418 3222377.7872 9 17 1.1496
274772.0000 -2267335.3553 5008649.4183 3222377.7826 9 17 1.1496
274773.0000 -2267335.3472 5008649.3909 3222377.7821 9 17 1.1496
274774.0000 -2267335.3522 5008649.3804 3222377.7923 9 17 1.1497
274775.0000 -2267335.3526 5008649.3406 3222377.7889 9 17 1.1497
274776.0000 -2267335.3568 5008649.3116 3222377.7962 9 17 1.1497
274777.0000 -2267335.3604 5008649.2890 3222377.7922 9 17 1.1498
274778.0000 -2267335.3600 5008649.2640 3222377.7936 9 17 1.1498
274779.0000 -2267335.3706 5008649.2621 3222377.8025 9 17 1.1498
274780.0000 -2267335.3777 5008649.2429 3222377.8059 9 17 1.1499
274781.0000 -2267335.3806 5008649.2224 3222377.8025 9 17 1.1499
274782.0000 -2267335.3723 5008649.2145 3222377.7924 9 17 1.1499
274783.0000 -2267335.3589 5008649.1980 3222377.7766 9 17 1.1499
274784.0000 -2267335.3661 5008649.2055 3222377.7765 9 17 1.1500
274785.0000 -2267335.3733 5008649.1872 3222377.7649 9 17 1.1500
274786.0000 -2267335.3639 5008649.1595 3222377.7446 9 17 1.1500
274787.0000 -2267335.3477 5008649.1465 3222377.7283 9 17 1.1501
274788.0000 -2267335.3463 5008649.1550 3222377.7289 9 17 1.1501
274789.0000 -2267335.3334 5008649.1469 3222377.7163 9 17 1.1501
274790.0000 -2267335.3414 5008649.1531 3222377.7175 9 17 1.1502
274791.0000 -2267335.3441 5008649.1561 3222377.7198 9 17 1.1502
274792.0000 -2267335.3316 5008649.1293 3222377.6880 9 17 1.1502
274793.0000 -2267335.3297 5008649.1265 3222377.6772 9 17 1.1502
274794.0000 -2267335.3337 5008649.1248 3222377.6663 9 17 1.1503
274795.0000 -2267335.3360 5008649.1085 3222377.6654 9 17 1.1503
274796.0000 -2267335.3270 5008649.0785 3222377.6396 9 17 1.1503
274797.0000 -2267335.3232 5008649.0629 3222377.6173 9 17 1.1504
274798.0000 -2267335.3184 5008649.0587 3222377.6140 9 17 1.1504
274799.0000 -2267335.3277 5008649.0578 3222377.6133 9 17 1.1504
274800.0000 -2267335.3244 5008649.0767 3222377.6105 9 17 1.1505
274801.0000 -2267335.3143 5008649.0760 3222377.6138 9 17 1.1505
274802.0000 -2267335.3026 5008649.0785 3222377.6088 9 17 1.1505
274803.0000 -2267335.2793 5008649.0723 3222377.5940 9 17 1.1505
274804.0000 -2267335.2745 5008649.0485 3222377.5823 9 17 1.1506
274805.0000 -2267335.2693 5008649.0569 3222377.5949 9 17 1.1506
274806.0000 -2267335.2702 5008649.0787 3222377.6222 9 17 1.1506
274807.0000 -2267335.2712 5008649.0989 3222377.6385 9 17 1.1507
274808.0000 -2267335.2735 5008649.1151 3222377.6510 9 17 1.1507
274809.0000 -2267335.2671 5008649.1108 3222377.6464 9 17 1.1507
274810.0000 -2267335.2603 5008649.0954 3222377.6301 9 17 1.1507
274811.0000 -2267335.2677 5008649.1201 3222377.6429 9 17 1.1508
274812.0000 -2267335.2717 5008649.1304 3222377.6405 9 17 1.1508
274813.0000 -2267335.2720 5008649.1437 3222377.6417 9 17 1.1508
274814.0000 -2267335.2689 5008649.1420 3222377.6313 9 17 1.1509
274815.0000 -2267335.2623 5008649.1313 3222377.6182 9 17 1.1509
274816.0000 -2267335.2634 5008649.1177 3222377.6025 9 17 1.1509
274817.0000 -2267335.2672 5008649.1179 3222377.5934 9 17 1.1510
274818.0000 -2267335.2818 5008649.1391 3222377.5959 9 17 1.1510
274819.0000 -2267335.2919 5008649.1386 3222377.5835 9 17 1.1510
274820.0000 -2267335.3095 5008649.1567 3222377.5880 9 17 1.1510
274821.0000 -2267335.3290 5008649.1824 3222377.5936 9 17 1.1511
274822.0000 -2267335.3266 5008649.1852 3222377.5879 9 17 1.1511
274823.0000 -2267335.3405 5008649.1865 3222377.5750 9 17 1.1511
274824.0000 -2267335.3545 5008649.2105 3222377.5777 9 17 1.1512
274825.0000 -2267335.3695 5008649.2327 3222377.5763 9 17 1.1512
274826.0000 -2267335.3863 5008649.2490 3222377.5857 9 17 1.1512
274827.0000 -2267335.3994 5008649.2510 3222377.5834 9 17 1.1513
274828.0000 -2267335.4232 5008649.2635 3222377.5863 9 17 1.1513
274829.0000 -2267335.4286 5008649.2683 3222377.5730 9 17 1.1513
274830.0000 -2267335.4337 5008649.2779 3222377.5709 9 17 1.1513
274831.0000 -2267335.4512 5008649.2986 3222377.5910 9 17 1.1514
274832.0000 -2267335.4465 5008649.2858 3222377.5771 9 17 1.1514
274833.0000 -2267335.4462 5008649.2796 3222377.5695 9 17 1.1514
274834.0000 -2267335.4338 5008649.2699 3222377.5531 9 17 1.1515
274835.0000 -2267335.4374 5008649.2589 3222377.5269 9 17 1.1515
274836.0000 -2267335.4219 5008649.2274 3222377.4953 9 17 1.1515
274837.0000 -2267335.4098 5008649.2134 3222377.4715 9 17 1.1515
274838.0000 -2267335.4033 5008649.1977 3222377.4476 9 17 1.1516
274839.0000 -2267335.3846 5008649.1857 3222377.4308 9 17 1.1516
274840.0000 -2267335.3827 5008649.1823 3222377.4285 9 17 1.1516
274841.0000 -2267335.3693 5008649.1672 3222377.4138 9 17 1.1517
274842.0000 -2267335.3601 5008649.1569 3222377.4103 9 17 1.1517
274843.0000 -2267335.3408 5008649.1320 3222377.3902 9 17 1.1517
274844.0000 -2267335.3337 5008649.1326 3222377.3793 9 17 1.1518
274845.0000 -2267335.3256 5008649.1290 3222377.3678 9 17 1.1518
274846.0000 -2267335.3426 5008649.1496 3222377.3762 9 17 1.1518
274847.0000 -2267335.3350 5008649.1320 3222377.3564 9 17 1.1518
274848.0000 -2267335.3286 5008649.1298 3222377.3390 9 17 1.1519
274849.0000 -2267335.3159 5008649.1379 3222377.3381 9 17 1.1519
274850.0000 -2267335.3071 5008649.1390 3222377.3204 9 17 1.1519
274851.0000 -2267335.3043 5008649.1528 3222377.3055 9 17 1.1520
274852.0000 -2267335.2977 5008649.1589 3222377.3000 9 17 1.1520
274853.0000 -2267335.3055 5008649.1884 3222377.3035 9 17 1.1520
274854.0000 -2267335.3044 5008649.1986 3222377.2870 9 17 1.1520
274855.0000 -2267335.3073 5008649.2021 3222377.2728 9 17 1.1521
274856.0000 -2267335.3188 5008649.2311 3222377.2816 9 17 1.1521
274857.0000 -2267335.3225 5008649.2533 3222377.2857 9 17 1.1521
274858.0000 -2267335.3363 5008649.2680 3222377.2798 9 17 1.1522
274859.0000 -2267335.3419 5008649.3077 3222377.2850 9 17 1.1522
274860.0000 -2267335.3442 5008649.3326 3222377.2885 9 17 1.1522
274861.0000 -2267335.3605 5008649.3592 3222377.2943 9 17 1.1523
274862.0000 -2267335.3720 5008649.3915 3222377.2882 9 17 1.1523
274863.0000 -2267335.3798 5008649.3991 3222377.2813 9 17 1.1523
274864.0000 -2267335.3880 5008649.4212 3222377.2851 9 17 1.1523
274865.0000 -2267335.4016 5008649.4329 3222377.2861 9 17 1.1524
274866.0000 -2267335.4075 5008649.4633 3222377.3030 9 17 1.1524
274867.0000 -2267335.4114 5008649.5146 3222377.3199 9 17 1.1524
274868.0000 -2267335.4117 5008649.5497 3222377.3286 9 17 1.1525
274869.0000 -2267335.4110 5008649.5598 3222377.3324 9 17 1.1525
274870.0000 -2267335.4201 5008649.5598 3222377.3257 9 17 1.1525
274871.0000 -2267335.4221 5008649.5579 3222377.3188 9 17 1.1525
274872.0000 -2267335.4284 5008649.5563 3222377.3079 9 17 1.1526
274873.0000 -2267335.4299 5008649.5861 3222377.3144 9 17 1.1526
274874.0000 -2267335.4447 5008649.6114 3222377.3225 9 17 1.1526
274875.0000 -2267335.4562 5008649.6253 3222377.3111 9 17 1.1527
274876.0000 -2267335.4608 5008649.6245 3222377.3048 9 17 1.1527
274877.0000 -2267335.4677 5008649.6443 3222377.3140 9 17 1.1527
274878.0000 -2267335.4758 5008649.6799 3222377.3233 9 17 1.1528
274879.0000 -2267335.4944 5008649.6984 3222377.3360 9 17 1.1528
274880.0000 -2267335.4967 5008649.7195 3222377.3425 9 17 1.1528
274881.0000 -2267335.5003 5008649.7400 3222377.3448 9 17 1.1528
274882.0000 -2267335.5047 5008649.7424 3222377.3348 9 17 1.1529
274883.0000 -2267335.5195 5008649.7544 3222377.3334 9 17 1.1529
274884.0000 -2267335.5377 5008649.7915 3222377.3469 9 17 1.1529
274885.0000 -2267335.5403 5008649.8297 3222377.3527 9 17 1.1530
274886.0000 -2267335.5405 5008649.8531 3222377.3450 9 17 1.1530
274887.0000 -2267335.5399 5008649.8694 3222377.3337 9 17 1.1530
274888.0000 -2267335.5480 5008649.9032 3222377.3405 9 17 1.1530
274889.0000 -2267335.5445 5008649.9028 3222377.3272 9 17 1.1531
274890.0000 -2267335.5415 5008649.8863 3222377.3162 9 17 1.1531
274891.0000 -2267335.5327 5008649.8977 3222377.3093 9 17 1.1531
274892.0000 -2267335.5318 5008649.8933 3222377.3007 9 17 1.1532
274893.0000 -2267335.5374 5008649.8860 3222377.2936 9 17 1.1532
274894.0000 -2267335.5302 5008649.8888 3222377.2919 9 17 1.1532
274895.0000 -2267335.5402 5008649.8931 3222377.2753 9 17 1.1533
274896.0000 -2267335.5430 5008649.9004 3222377.2775 9 17 1.1533
274897.0000 -2267335.5541 5008649.9233 3222377.2808 9 17 1.1533
274898.0000 -2267335.5542 5008649.9332 3222377.2737 9 17 1.1533
274899.0000 -2267335.5544 5008649.9328 3222377.2675 9 17 1.1534
274900.0000 -2267335.5510 5008649.9165 3222377.2536 9 17 1.1534
274901.0000 -2267335.5432 5008649.8745 3222377.2165 9 17 1.1534
274902.0000 -2267335.5499 5008649.8811 3222377.2198 9 17 1.1535
274903.0000 -2267335.5462 5008649.8750 3222377.2097 9 17 1.1535
274904.0000 -2267335.5388 5008649.8557 3222377.1936 9 17 1.1535
274905.0000 -2267335.5336 5008649.8526 3222377.1841 9 17 1.1535
274906.0000 -2267335.5175 5008649.8414 3222377.1757 9 17 1.1536
274907.0000 -2267335.5053 5008649.8070 3222377.1629 9 17 1.1536
274908.0000 -2267335.5083 5008649.8104 3222377.1743 9 17 1.1536
274909.0000 -2267335.5143 5008649.8050 3222377.1692 9 17 1.1537
274910.0000 -2267335.5291 5008649.8211 3222377.1821 9 17 1.1537
274911.0000 -2267335.5367 5008649.8256 3222377.1693 9 17 1.1537
274912.0000 -2267335.5397 5008649.8373 3222377.1803 9 17 1.1537
274913.0000 -2267335.5421 5008649.8436 3222377.1717 9 17 1.1538
274914.0000 -2267335.5336 5008649.8177 3222377.1524 9 17 1.1538
274915.0000 -2267335.5341 5008649.8130 3222377.1477 9 17 1.1538
274916.0000 -2267335.5295 5008649.8127 3222377.1354 9 17 1.1539
274917.0000 -2267335.5235 5008649.8027 3222377.1210 9 17 1.1539
274918.0000 -2267335.5327 5008649.7946 3222377.1209 9 17 1.1539
274919.0000 -2267335.5172 5008649.8037 3222377.1165 9 17 1.1539
274920.0000 -2267335.5299 5008649.7933 3222377.1146 9 17 1.1540
274921.0000 -2267335.5328 5008649.8103 3222377.1300 9 17 1.1540
274922.0000 -2267335.5443 5008649.8278 3222377.1525 9 17 1.1540
274923.0000 -2267335.5428 5008649.8257 3222377.1404 9 17 1.1541
274924.0000 -2267335.5475 5008649.8133 3222377.1333 9 17 1.1541
274925.0000 -2267335.5573 5008649.8330 3222377.1466 9 17 1.1541
274926.0000 -2267335.5720 5008649.8629 3222377.1605 9 17 1.1542
274927.0000 -2267335.5790 5008649.8829 3222377.1840 9 17 1.1542
274928.0000 -2267335.5862 5008649.8983 3222377.1831 9 17 1.1542
274929.0000 -2267335.5904 5008649.8896 3222377.1673 9 17 1.1542
274930.0000 -2267335.6074 5008649.8995 3222377.1745 9 17 1.1543
274931.0000 -2267335.6150 5008649.9152 3222377.1804 9 17 1.1543
274932.0000 -2267335.6057 5008649.9053 3222377.1618 9 17 1.1543
274933.0000 -2267335.6085 5008649.9333 3222377.1703 9 17 1.1544
274934.0000 -2267335.6125 5008649.9403 3222377.1573 9 17 1.1544
274935.0000 -2267335.6130 5008649.9350 3222377.1526 9 17 1.1544
274936.0000 -2267335.6017 5008649.9053 3222377.1282 9 17 1.1544
274937.0000 -2267335.6113 5008649.8956 3222377.1219 9 17 1.1545
274938.0000 -2267335.6329 5008649.9020 3222377.1330 9 17 1.1545
274939.0000 -2267335.6565 5008649.9142 3222377.1386 9 17 1.1545
274940.0000 -2267335.6644 5008649.9324 3222377.1480 9 17 1.1546
274941.0000 -2267335.6696 5008649.9338 3222377.1467 9 17 1.1546
274942.0000 -2267335.6701 5008649.9437 3222377.1526 9 17 1.1546
274943.0000 -2267335.6633 5008649.9560 3222377.1534 9 17 1.1546
274944.0000 -2267335.6551 5008649.9623 3222377.1532 9 17 1.1547
274945.0000 -2267335.6506 5008649.9671 3222377.1532 9 17 1.1547
274946.0000 -2267335.6598 5008649.9851 3222377.1589 9 17 1.1547
274947.0000 -2267335.6609 5008650.0150 3222377.1710 9 17 1.1548
274948.0000 -2267335.6764 5008650.0618 3222377.2007 9 17 1.1548
274949.0000 -2267335.6833 5008650.0812 3222377.2117 9 17 1.1548
274950.0000 -2267335.6799 5008650.0622 3222377.1952 9 17 1.1548
274951.0000 -2267335.6831 5008650.0915 3222377.2025 9 17 1.1549
274952.0000 -2267335.6636 5008650.0858 3222377.1880 9 17 1.1549
274953.0000 -2267335.6852 5008650.1157 3222377.2030 9 17 1.1549
274954.0000 -2267335.6947 5008650.1208 3222377.2010 9 17 1.1550
274955.0000 -2267335.7092 5008650.1385 3222377.2018 9 17 1.1550
274956.0000 -2267335.7105 5008650.1591 3222377.2044 9 17 1.1550
274957.0000 -2267335.7182 5008650.1694 3222377.2036 9 17 1.1550
274958.0000 -2267335.7183 5008650.1695 3222377.1994 9 17 1.1551
274959.0000 -2267335.7197 5008650.1664 3222377.1807 9 17 1.1551
274960.0000 -2267335.7135 5008650.1826 3222377.1773 9 17 1.1551
274961.0000 -2267335.7158 5008650.1822 3222377.1757 9 17 1.1552
274962.0000 -2267335.7035 5008650.1557 3222377.1653 9 17 1.1552
274963.0000 -2267335.7174 5008650.1387 3222377.1524 9 17 1.1552
274964.0000 -2267335.7204 5008650.1289 3222377.1554 9 17 1.1552
274965.0000 -2267335.7072 5008650.1109 3222377.1475 9 17 1.1553
274966.0000 -2267335.6976 5008650.0836 3222377.1266 9 17 1.1553
274967.0000 -2267335.6914 5008650.0866 3222377.1119 9 17 1.1553
274968.0000 -2267335.6713 5008650.0761 3222377.1026 9 17 1.1554
274969.0000 -2267335.6600 5008650.0601 3222377.0786 9 17 1.1554
274970.0000 -2267335.6682 5008650.0472 3222377.0701 9 17 1.1554
274971.0000 -2267335.6624 5008650.0226 3222377.0578 9 17 1.1555
274972.0000 -2267335.6456 5008649.9948 3222377.0472 9 17 1.1555
274973.0000 -2267335.6492 5008650.0014 3222377.0545 9 17 1.1555
274974.0000 -2267335.6493 5008649.9964 3222377.0472 9 17 1.1555
274975.0000 -2267335.6417 5008649.9945 3222377.0389 9 17 1.1556
274976.0000 -2267335.6414 5008649.9753 3222377.0375 9 17 1.1556
274977.0000 -2267335.6408 5008649.9734 3222377.0432 9 17 1.1556
274978.0000 -2267335.6277 5008649.9721 3222377.0407 9 17 1.1557
274979.0000 -2267335.6193 5008649.9651 3222377.0394 9 17 1.1557
274980.0000 -2267335.6152 5008649.9753 3222377.0454 9 17 1.1557
274981.0000 -2267335.6129 5008649.9696 3222377.0420 9 17 1.1557
274982.0000 -2267335.6051 5008649.9672 3222377.0374 9 17 1.1558
274983.0000 -2267335.6022 5008649.9850 3222377.0473 9 17 1.1558
274984.0000 -2267335.5903 5008649.9825 3222377.0500 9 17 1.1558
274985.0000 -2267335.5811 5008649.9780 3222377.0527 9 17 1.1559
274986.0000 -2267335.5657 5008649.9535 3222377.0378 9 17 1.1559
274987.0000 -2267335.5481 5008649.9203 3222377.0160 9 17 1.1559
274988.0000 -2267335.5317 5008649.8832 3222376.9932 9 17 1.1559
274989.0000 -2267335.5286 5008649.8412 3222376.9806 9 17 1.1560
274990.0000 -2267335.5290 5008649.8294 3222376.9795 9 17 1.1560
274991.0000 -2267335.5341 5008649.8278 3222376.9850 9 17 1.1560
274992.0000 -2267335.5350 5008649.8183 3222376.9785 9 17 1.1561
274993.0000 -2267335.5176 5008649.8024 3222376.9677 9 17 1.1561
274994.0000 -2267335.5156 5008649.8013 3222376.9659 9 17 1.1561
274995.0000 -2267335.5171 5008649.7935 3222376.9703 9 17 1.1561
274996.0000 -2267335.5194 5008649.7717 3222376.9752 9 17 1.1562
274997.0000 -2267335.5382 5008649.7768 3222376.9861 9 17 1.1562
274998.0000 -2267335.5420 5008649.7865 3222376.9903 9 17 1.1562
274999.0000 -2267335.5382 5008649.7739 3222376.9814 9 17 1.1563
275000.0000 -2267335.5484 5008649.7940 3222377.0008 9 17 1.1563
275001.0000 -2267335.5546 5008649.7977 3222377.0089 9 17 1.1563
275002.0000 -2267335.5605 5008649.7939 3222377.0043 9 17 1.1563
275003.0000 -2267335.5558 5008649.7858 3222376.9960 9 17 1.1564
275004.0000 -2267335.5545 5008649.7729 3222376.9980 9 17 1.1564
275005.0000 -2267335.5535 5008649.7615 3222376.9931 9 17 1.1564
275006.0000 -2267335.5542 5008649.7436 3222376.9786 9 17 1.1564
275007.0000 -2267335.5602 5008649.7197 3222376.9699 9 17 1.1565
275008.0000 -2267335.5655 5008649.7005 3222376.9637 9 17 1.1565
275009.0000 -2267335.5691 5008649.6872 3222376.9497 9 17 1.1565
275010.0000 -2267335.5828 5008649.6759 3222376.9496 9 17 1.1566
275011.0000 -2267335.5825 5008649.6549 3222376.9364 9 17 1.1566
275012.0000 -2267335.5754 5008649.6413 3222376.9277 9 17 1.1566
275013.0000 -2267335.5833 5008649.6340 3222376.9345 9 17 1.1566
275014.0000 -2267335.5843 5008649.6275 3222376.9391 9 17 1.1567
275015.0000 -2267335.5780 5008649.5994 3222376.9230 9 17 1.1567
275016.0000 -2267335.5785 5008649.5897 3222376.9317 9 17 1.1567
275017.0000 -2267335.5787 5008649.5941 3222376.9339 9 17 1.1568
275018.0000 -2267335.5851 5008649.5973 3222376.9444 9 17 1.1568
275019.0000 -2267335.5829 5008649.5664 3222376.9425 9 17 1.1568
275020.0000 -2267335.5843 5008649.5625 3222376.9571 9 17 1.1568
275021.0000 -2267335.5773 5008649.5235 3222376.9528 9 17 1.1569
275022.0000 -2267335.5834 5008649.5006 3222376.9537 9 17 1.1569
275023.0000 -2267335.5836 5008649.4891 3222376.9573 9 17 1.1569
275024.0000 -2267335.5917 5008649.4810 3222376.9616 9 17 1.1570
275025.0000 -2267335.5997 5008649.4536 3222376.9629 9 17 1.1570
275026.0000 -2267335.5915 5008649.4185 3222376.9547 9 17 1.1570
275027.0000 -2267335.5971 5008649.3977 3222376.9458 9 17 1.1570
275028.0000 -2267335.5904 5008649.3567 3222376.9327 9 17 1.1571
275029.0000 -2267335.5841 5008649.3280 3222376.9193 9 17 1.1571
275030.0000 -2267335.5907 5008649.3087 3222376.9163 9 17 1.1571
275031.0000 -2267335.5948 5008649.2971 3222376.9192 9 17 1.1572
275032.0000 -2267335.6118 5008649.3008 3222376.9343 9 17 1.1572
275033.0000 -2267335.5822 5008649.4012 3222377.1113 10 17 1.1176
275034.0000 -2267335.5653 5008649.3667 3222377.0983 10 17 1.1177
275035.0000 -2267335.5558 5008649.3347 3222377.0662 10 17 1.1177
275036.0000 -2267335.5602 5008649.3150 3222377.0490 10 17 1.1178
275037.0000 -2267335.5711 5008649.2841 3222377.0297 10 17 1.1179
275038.0000 -2267335.5705 5008649.2641 3222377.0413 10 17 1.1179
275039.0000 -2267335.5669 5008649.2212 3222377.0045 10 17 1.1180
275040.0000 -2267335.5580 5008649.2141 3222376.9864 10 17 1.1180
275041.0000 -2267335.5666 5008649.1655 3222376.9405 10 17 1.1181
275042.0000 -2267335.5687 5008649.1107 3222376.8878 10 17 1.1182
275043.0000 -2267335.5755 5008649.0463 3222376.8446 10 17 1.1182
275044.0000 -2267335.5780 5008649.0273 3222376.8384 10 17 1.1183
275045.0000 -2267335.5771 5008649.0122 3222376.8223 10 17 1.1184
275046.0000 -2267335.5817 5008648.9813 3222376.8007 10 17 1.1184
275047.0000 -2267335.5863 5008648.9755 3222376.7978 10 17 1.1185
275048.0000 -2267335.6036 5008648.9524 3222376.7895 10 17 1.1185
275049.0000 -2267335.6189 5008648.9618 3222376.8111 10 17 1.1186
275050.0000 -2267335.6314 5008648.9456 3222376.8158 10 17 1.1187
275051.0000 -2267335.6430 5008648.9266 3222376.7926 10 17 1.1187
275052.0000 -2267335.6462 5008648.9026 3222376.7479 10 17 1.1188
275053.0000 -2267335.6499 5008648.8810 3222376.7245 10 17 1.1188
275054.0000 -2267335.6595 5008648.8557 3222376.6912 10 17 1.1189
275055.0000 -2267335.6713 5008648.8538 3222376.6675 10 17 1.1190
275056.0000 -2267334.6633 5008647.8201 3222375.6759 10 16 1.2064
275057.0000 -2267334.6581 5008647.7972 3222375.6399 10 16 1.2065
275058.0000 -2267334.6481 5008647.7823 3222375.6132 10 16 1.2066
275059.0000 -2267335.1102 5008648.2309 3222376.0377 10 17 1.1192
275060.0000 -2267335.2606 5008648.3461 3222376.1482 10 17 1.1193
275061.0000 -2267335.2789 5008648.3494 3222376.1606 10 17 1.1193
275062.0000 -2267335.4551 5008648.5076 3222376.3194 10 17 1.1194
275063.0000 -2267335.2767 5008648.3397 3222376.1661 10 17 1.1195
275064.0000 -2267335.1794 5008648.2388 3222376.0702 10 17 1.1195
275065.0000 -2267335.1944 5008648.2163 3222376.0541 10 17 1.1196
275066.0000 -2267335.3245 5008648.3278 3222376.1523 10 17 1.1196
